	momentum	tree	nquad	vegas	vegas_1l
0	0.0001	                00.4813485978235			-0.0001943+/-0.0000009
1	0.00011497569953977356	687.0320925665078			-0.0002933+/-0.0000014
2	0.00013219411484660288	786.0538143586462			-0.0004436+/-0.0000021
3	0.0001519911082952933	899.34142943252		        -0.0006731+/-0.0000033
4	0.0001747528400007683	1028.9471956542548			-0.001017+/-0.000005
5	0.00020092330025650479	1177.2171159023903			-0.001524+/-0.000008
6	0.00023101297000831605	1346.8322444161981			-0.002324+/-0.000011
7	0.00026560877829466864	1540.855433547641			-0.003510+/-0.000017
8	0.0003053855508833416	1762.7840507504095			-0.005266+/-0.000027
9	0.0003511191734215131	2016.6091463333748			-0.00805+/-0.00004
10	0.0004037017258596554	2306.8814343072786			-0.01208+/-0.00006
11	0.0004641588833612782	2638.7842215978785			-0.01828+/-0.00009
12	0.0005336699231206312	3018.2130250175055			-0.02769+/-0.00013
13	0.0006135907273413176	3451.860961433539			-0.04200+/-0.00020
14	0.0007054802310718645	3947.3079529149745			-0.06316+/-0.00031
15	0.0008111308307896872	4513.1101631823585			-0.0957+/-0.0005
16	0.0009326033468832199	5158.883597843298			-0.1451+/-0.0007
17	0.0010722672220103231	5895.3720675037			    -0.2181+/-0.0011
18	0.0012328467394420659	6734.484190454798			-0.3267+/-0.0017
19	0.0014174741629268048	7689.276083443061			-0.4946+/-0.0024
20	0.0016297508346206436	8773.84495707968			-0.737+/-0.004
21	0.001873817422860383	10003.082983770995			-1.117+/-0.006
22	0.0021544346900318843	11392.219636843194			-1.679+/-0.008
23	0.0024770763559917113	12956.053957058686			-2.486+/-0.013
24	0.002848035868435802	14707.747407075978			-3.799+/-0.019
25	0.0032745491628777285	16657.01848975892			-5.579+/-0.029
26	0.0037649358067924675	18807.564737328652			-8.27+/-0.04
27	0.004328761281083062	21153.560584980092			-12.26+/-0.07
28	0.004977023564332114	23675.182195194873			-17.99+/-0.10
29	0.00572236765935022	    26333.35024923035		    -26.17+/-0.15
30	0.006579332246575682	29064.318462303017			-37.99+/-0.21
31	0.007564633275546291	31775.384548853155			-54.05+/-0.31
32	0.008697490026177835	34343.74577874004			-75.1+/-0.5
33	0.01	                36621.01150361987			-104.4+/-0.6
34	0.011497569953977356	38445.515410401116			-143.5+/-0.9
35	0.013219411484660288	39662.73529516431			-186.9+/-1.2
36	0.01519911082952933	    40150.831809797106			-245.6+/-1.5
37	0.01747528400007685	    39844.79880116692			-307.0+/-2.0
38	0.02009233002565048	    38751.24865982071			-369.7+/-2.6
39	0.023101297000831605	36948.196761028164			-436.0+/-3.2
40	0.026560877829466867	34569.742806303984			-492+/-4
41	0.030538555088334154	31781.20715836695			-534+/-4
42	0.03511191734215131	    28752.863274938794			-565+/-6
43	0.040370172585965536	25639.050832588633			-561+/-6
44	0.04641588833612782	    22565.832932635454			-508+/-8
45	0.05336699231206313	    19626.86217015179			-452+/-8
46	0.061359072734131756	16885.136752139988			-328+/-9
47	0.07054802310718646	    14377.92490814768			-169+/-12
48	0.08111308307896872	    12122.678858104508			13+/-12
49	0.093260334688322	    10122.587235305573			235+/-13
50	0.10722672220103231	    8371.136200158227			446+/-14
51	0.12328467394420659	    6855.534791469176			695+/-15
52	0.14174741629268048	    5559.125617385635			986+/-15
53	0.16297508346206452	    4463.011712511092			1216+/-15
54	0.1873817422860385	    3547.1452889894513			1471+/-14
55	0.21544346900318845	    2791.087609536565			1676+/-16
56	0.24770763559917114	    2174.589457918386			1829+/-16
57	0.2848035868435802	    1678.0776860990757			1955+/-14
58	0.32745491628777285	    1283.0787351749116			2015+/-13
59	0.37649358067924676	    972.5735990855778			2033+/-13
60	0.43287612810830617	    731.2632123398926			2018+/-11
61	0.49770235643321137	    545.7254438769071			1937+/-9
62	0.572236765935022	    404.4574142918037			1823+/-8
63	0.6579332246575682	    297.81144902589944			1665+/-9
64	0.7564633275546291	    217.84322693086892			1506+/-6
65	0.8697490026177834	    158.0933900899292			1336+/-5
66	1.0	                    113.31996283219844			1170+/-4
67	1.1497569953977356	    79.20043352917743			1008.3+/-3.3
68	1.3219411484660286	    52.09300375632225			872.2+/-2.6
69	1.5199110829529332	    29.324183695514165			772.8+/-2.1
70	1.747528400007683	    11.130924507029675			710.2+/-2.1
71	2.009233002565046	    1.6374234202798439			517.6+/-1.2
72	2.310129700083158	    0.002470477973490703		217.8+/-0.6
73	2.6560877829466896	    0.04902908828920319			63.70+/-0.25
74	3.0538555088334185	    0.008201693806438459		15.92+/-0.06
75	3.5111917342151346	    0.0002600583288674109		1.701+/-0.007
76	4.037017258596558	    3.899015802726222e-06		0.1490+/-0.0008
77	4.641588833612782	    4.269854214098246e-06		0.00876+/-0.00007
78	5.336699231206313	    3.412456131513838e-07		0.0002124+/-0.0000028
79	6.135907273413176	    2.5114765788025222e-08		(-6.4+/-2.0)e-07
80	7.054802310718645	    1.2204978591044788e-09		(3.38+/-0.12)e-07
81	8.111308307896872	    1.496927365367589e-10		(-1.788+/-0.013)e-07
82	9.326033468832199	    9.090403476223525e-12		(-1.158+/-0.010)e-08
83	10.722672220103231	    8.556084477652341e-14		(2.543+/-0.012)e-09
84	12.32846739442066	    2.6442033286936594e-15		(2.919+/-0.017)e-10
85	14.174741629268048	    3.531832585649996e-15		(-9.86+/-0.09)e-12
86	16.297508346206435	    3.804824929155232e-16		(-2.753+/-0.016)e-12
87	18.73817422860383	    1.0853899104278214e-17		(9.20+/-0.09)e-14
88	21.544346900318867	    1.5870871127084666e-19		(2.689+/-0.016)e-14
89	24.77076355991714	    5.70995827872898e-20		(1.084+/-0.008)e-15
90	28.48035868435805	    1.2477321277309594e-20		(-2.652+/-0.020)e-16
91	32.745491628777316	    3.4568334341793254e-23		(2.865+/-0.024)e-17
92	37.649358067924716	    6.844976248939458e-23		(-2.385+/-0.016)e-18
93	43.287612810830616	    8.321507599495754e-25		(2.211+/-0.018)e-19
94	49.770235643321136	    4.416246824395936e-25		(-3.017+/-0.022)e-20
95	57.223676593502205	    9.382913435165233e-27		(1.403+/-0.015)e-21
96	65.79332246575683	    2.538170462044203e-27		(-3.004+/-0.022)e-22
97	75.64633275546291	    1.8928741905216813e-28		(-2.918+/-0.019)e-23
98	86.97490026177834	    2.0045054428267825e-31		(3.059+/-0.026)e-24
99	100.0	                1.8396439379468604e-33		(3.155+/-0.022)e-25
