,eta,momentum,tree,nquad,vegas,error
0,0.6324555320336759,0.00032,18.4404295109844,,-4.58e-07, -0.10e-07
1,0.6324555320336759,0.0004719183621785804,26.812509510131882,,-1.478e-06, -0.031e-06
2,0.6324555320336759,0.0006959591892541056,38.961211207247985,,-4.53e-06, -0.10e-06
3,0.6324555320336759,0.0010263622522997833,56.53994670907784,,-1.43e-05, -0.04e-05
4,0.6324555320336759,0.0015136224784601019,81.82278417767903,,-4.74e-05, -0.13e-05
5,0.6324555320336759,0.0022322070030986714,117.72501462451802,,-0.000140, -0.000004
6,0.6324555320336759,0.0032919358529558827,167.34954564554067,,-0.000441, -0.000010
7,0.6324555320336759,0.004854765550387154,232.14353017517269,,-0.001245, -0.000032
8,0.6324555320336759,0.007159540647811568,307.15729178173365,,-0.00378, -0.00009
9,0.6324555320336759,0.0105584959264569,373.94288104770106,,-0.00929, -0.00024
10,0.6324555320336759,0.015571087827133602,401.55457146658915,,-0.0206, -0.0007
11,0.6324555320336759,0.022963382077249142,370.3848328584647,,-0.0351, -0.0013
12,0.6324555320336759,0.03386513018742619,295.51435234415226,,-0.0445, -0.0019
13,0.6324555320336759,0.04994242741567057,210.02210510051768,,-0.0414, -0.0028
14,0.6324555320336759,0.0736523392163309,136.54743259713217,,-0.022, -0.004
15,0.6324555320336759,0.1086184102924754,82.21426380912041,,0.019, -0.005
16,0.6324555320336759,0.16018444464895643,45.8848440581053,,0.105, -0.009
17,0.6324555320336759,0.23623118989131572,23.69736095745726,,0.144, -0.006
18,0.6324555320336759,0.3483807382156467,11.357697824331428,,0.152, -0.006
19,0.6324555320336759,0.5137727106040398,5.100387900160273,,0.147, -0.005
20,0.6324555320336759,0.7576836753759633,2.1704878866387944,,0.106, -0.005
21,0.6324555320336759,1.1173901222902258,0.8550161433724127,,0.0538, -0.0035
22,0.6324555320336759,1.647865363830397,0.1800321137451606,,0.0620, -0.0019
23,0.6324555320336759,2.430181011217661,0.00017919598097732248,,0.01125, -0.00010
24,0.6324555320336759,3.58389700816039,3.5170704133851957e-06,,8.73e-05, -0.12e-05
25,0.6324555320336759,5.285333769711768,2.6497582414516687e-09,,2.90e-08, -0.09e-08
26,0.6324555320336759,7.7945189255297604,2.4547874538899483e-13,,3.76e-11, -0.04e-11
27,0.6324555320336759,11.494926891581102,1.5623272834546794e-16,,2.371e-14, -0.021e-14
28,0.6324555320336759,16.952084600117107,2.5087888723999808e-21,,6.1e-17, -1.9e-17
29,0.6324555320336759,25.0,2.823529896494431e-28,,3.4e-24, -0.8e-24
30,0.6866640036563988,0.00032,25.62289371981826,,-9.3e-07, -0.6e-07
31,0.6866640036563988,0.0004719183621785804,37.25586115716514,,-2.98e-06, -0.07e-06
32,0.6866640036563988,0.0006959591892541056,54.13642742779125,,-9.15e-06, -0.22e-06
33,0.6866640036563988,0.0010263622522997833,78.56200120436094,,-3.03e-05, -0.06e-05
34,0.6866640036563988,0.0015136224784601019,113.69238995195062,,-8.91e-05, -0.25e-05
35,0.6866640036563988,0.0022322070030986714,163.57837739577948,,-0.000283, -0.000007
36,0.6866640036563988,0.0032919358529558827,232.53143965987044,,-0.000855, -0.000022
37,0.6866640036563988,0.004854765550387154,322.5623892262769,,-0.00263, -0.00006
38,0.6866640036563988,0.007159540647811568,426.79367299457397,,-0.00717, -0.00017
39,0.6866640036563988,0.0105584959264569,519.5919483686906,,-0.0181, -0.0005
40,0.6866640036563988,0.015571087827133602,557.9582677977616,,-0.0389, -0.0011
41,0.6866640036563988,0.022963382077249142,514.6480564409842,,-0.0702, -0.0020
42,0.6866640036563988,0.03386513018742619,410.61586110479533,,-0.092, -0.004
43,0.6866640036563988,0.04994242741567057,291.8247687559308,,-0.071, -0.006
44,0.6866640036563988,0.0736523392163309,189.73204236193482,,-0.030, -0.007
45,0.6866640036563988,0.1086184102924754,114.23634913597729,,0.103, -0.013
46,0.6866640036563988,0.16018444464895643,63.75678407875133,,0.181, -0.012
47,0.6866640036563988,0.23623118989131572,32.92737627892076,,0.244, -0.011
48,0.6866640036563988,0.3483807382156467,15.781469953360217,,0.327, -0.016
49,0.6866640036563988,0.5137727106040398,7.086966006829709,,0.336, -0.014
50,0.6866640036563988,0.7576836753759633,3.015883139100578,,0.259, -0.009
51,0.6866640036563988,1.1173901222902258,1.188041079150715,,0.170, -0.007
52,0.6866640036563988,1.647865363830397,0.25015381310381013,,0.1158, -0.0034
53,0.6866640036563988,2.430181011217661,0.0002489920808387425,,0.02153, -0.00030
54,0.6866640036563988,3.58389700816039,4.8870005474480825e-06,,0.0001776, -0.0000029
55,0.6866640036563988,5.285333769711768,3.682996539992045e-09,,5.44e-08, -0.15e-08
56,0.6866640036563988,7.7945189255297604,3.4463495380598704e-13,,7.49e-11, -0.09e-11
57,0.6866640036563988,11.494926891581102,2.746303970550141e-16,,5.88e-14, -0.04e-14
58,0.6866640036563988,16.952084600117107,6.981945439267797e-21,,1.59e-17, -0.12e-17
59,0.6866640036563988,25.0,8.211838099178173e-28,,1.977e-24, -0.034e-24
60,0.745518744062988,0.00032,35.602895376489236,,-1.78e-06, -0.06e-06
61,0.745518744062988,0.0004719183621785804,51.766851216872155,,-5.65e-06, -0.13e-06
62,0.745518744062988,0.0006959591892541056,75.22232199237429,,-1.86e-05, -0.04e-05
63,0.745518744062988,0.0010263622522997833,109.16154670239655,,-6.05e-05, -0.13e-05
64,0.745518744062988,0.0015136224784601019,157.9750635827492,,-0.000186, -0.000004
65,0.745518744062988,0.0022322070030986714,227.2914183683043,,-0.000564, -0.000014
66,0.745518744062988,0.0032919358529558827,323.1013877074891,,-0.00180, -0.00004
67,0.745518744062988,0.004854765550387154,448.198986484146,,-0.00512, -0.00013
68,0.745518744062988,0.007159540647811568,593.0278856529228,,-0.0149, -0.0004
69,0.745518744062988,0.0105584959264569,721.9706711708556,,-0.0372, -0.0010
70,0.745518744062988,0.015571087827133602,775.2804991532302,,-0.0799, -0.0024
71,0.745518744062988,0.022963382077249142,715.1011556126398,,-0.137, -0.005
72,0.745518744062988,0.03386513018742619,570.5488889232591,,-0.200, -0.007
73,0.745518744062988,0.04994242741567057,405.48920133284867,,-0.201, -0.011
74,0.745518744062988,0.0736523392163309,263.6318180001217,,-0.071, -0.016
75,0.745518744062988,0.1086184102924754,158.73089241807713,,0.089, -0.022
76,0.745518744062988,0.16018444464895643,88.58976421314597,,0.257, -0.024
77,0.745518744062988,0.23623118989131572,45.75244098108932,,0.606, -0.023
78,0.745518744062988,0.3483807382156467,21.92828139477919,,0.604, -0.026
79,0.745518744062988,0.5137727106040398,9.847307335267143,,0.506, -0.026
80,0.745518744062988,0.7576836753759633,4.190556033359681,,0.331, -0.022
81,0.745518744062988,1.1173901222902258,1.6507777269157418,,0.350, -0.017
82,0.745518744062988,1.647865363830397,0.3475875983313162,,0.252, -0.007
83,0.745518744062988,2.430181011217661,0.0003459734441939741,,0.0441, -0.0005
84,0.745518744062988,3.58389700816039,6.790510401348716e-06,,0.000344, -0.000005
85,0.745518744062988,5.285333769711768,5.118629844576934e-09,,1.143e-07, -0.035e-07
86,0.745518744062988,7.7945189255297604,4.823142511864639e-13,,1.429e-10, -0.015e-10
87,0.745518744062988,11.494926891581102,4.569573071107297e-16,,1.398e-13, -0.010e-13
88,0.745518744062988,16.952084600117107,1.9072547295835005e-20,,1.03e-16, -0.30e-16
89,0.745518744062988,25.0,2.3867317430727224e-27,,7.9e-24, -0.5e-24
90,0.8094179901519521,0.00032,49.47006271227002,,-3.71e-06, -0.16e-06
91,0.8094179901519521,0.0004719183621785804,71.92980652372846,,-1.247e-05, -0.034e-05
92,0.8094179901519521,0.0006959591892541056,104.52107748468947,,-3.61e-05, -0.08e-05
93,0.8094179901519521,0.0010263622522997833,151.67947730178287,,-0.0001145, -0.0000030
94,0.8094179901519521,0.0015136224784601019,219.50563907153997,,-0.000370, -0.000010
95,0.8094179901519521,0.0022322070030986714,315.8204017324387,,-0.001133, -0.000027
96,0.8094179901519521,0.0032919358529558827,448.94792244526445,,-0.00352, -0.00008
97,0.8094179901519521,0.004854765550387154,622.7704723023279,,-0.01057, -0.00024
98,0.8094179901519521,0.007159540647811568,824.0095751523646,,-0.0296, -0.0006
99,0.8094179901519521,0.0105584959264569,1003.1749946614542,,-0.0710, -0.0017
100,0.8094179901519521,0.015571087827133602,1077.2487604487708,,-0.161, -0.005
101,0.8094179901519521,0.022963382077249142,993.6298337447871,,-0.275, -0.010
102,0.8094179901519521,0.03386513018742619,792.7751104784686,,-0.371, -0.015
103,0.8094179901519521,0.04994242741567057,563.4254182689554,,-0.303, -0.025
104,0.8094179901519521,0.0736523392163309,366.3152232845682,,-0.05, -0.04
105,0.8094179901519521,0.1086184102924754,220.55585983274545,,0.25, -0.04
106,0.8094179901519521,0.16018444464895643,123.09507822174498,,0.79, -0.06
107,0.8094179901519521,0.23623118989131572,63.57281059979653,,1.03, -0.05
108,0.8094179901519521,0.3483807382156467,30.46924819739211,,1.21, -0.06
109,0.8094179901519521,0.5137727106040398,13.68278917406285,,1.11, -0.04
110,0.8094179901519521,0.7576836753759633,5.822758727294011,,0.93, -0.06
111,0.8094179901519521,1.1173901222902258,2.2937482140542644,,0.736, -0.027
112,0.8094179901519521,1.647865363830397,0.48297140381912146,,0.460, -0.012
113,0.8094179901519521,2.430181011217661,0.0004807286088051058,,0.0838, -0.0011
114,0.8094179901519521,3.58389700816039,9.435426948004003e-06,,0.000673, -0.000010
115,0.8094179901519521,5.285333769711768,7.113390924233055e-09,,2.32e-07, -0.05e-07
116,0.8094179901519521,7.7945189255297604,6.735104488138864e-13,,3.008e-10, -0.023e-10
117,0.8094179901519521,11.494926891581102,7.264909975835514e-16,,3.164e-13, -0.028e-13
118,0.8094179901519521,16.952084600117107,5.080276434270192e-20,,4.1e-17, -1.1e-17
119,0.8094179901519521,25.0,6.930354783945828e-27,,6.7e-23, -3.4e-23
120,0.8787941121521582,0.00032,68.73842924505574,,-7.48e-06, -0.18e-06
121,0.8787941121521582,0.0004719183621785804,99.9461420758522,,-2.25e-05, -0.06e-05
122,0.8787941121521582,0.0006959591892541056,145.2315662320016,,-7.20e-05, -0.20e-05
123,0.8787941121521582,0.0010263622522997833,210.75795029969984,,-0.000238, -0.000005
124,0.8787941121521582,0.0015136224784601019,305.00209647940085,,-0.000741, -0.000019
125,0.8787941121521582,0.0022322070030986714,438.83102523833776,,-0.00235, -0.00006
126,0.8787941121521582,0.0032919358529558827,623.8111154458757,,-0.00678, -0.00016
127,0.8787941121521582,0.004854765550387154,865.3367652927153,,-0.0204, -0.0006
128,0.8787941121521582,0.007159540647811568,1144.957591994534,,-0.0576, -0.0013
129,0.8787941121521582,0.0105584959264569,1393.9071351498867,,-0.140, -0.004
130,0.8787941121521582,0.015571087827133602,1496.832298962614,,-0.306, -0.009
131,0.8787941121521582,0.022963382077249142,1380.6441770631113,,-0.562, -0.017
132,0.8787941121521582,0.03386513018742619,1101.5574440609983,,-0.758, -0.029
133,0.8787941121521582,0.04994242741567057,782.8770801000139,,-0.50, -0.05
134,0.8787941121521582,0.0736523392163309,508.9933522741973,,-0.25, -0.08
135,0.8787941121521582,0.1086184102924754,306.461373495193,,0.37, -0.10
136,0.8787941121521582,0.16018444464895643,171.04005656862356,,1.03, -0.09
137,0.8787941121521582,0.23623118989131572,88.33413389305416,,1.65, -0.09
138,0.8787941121521582,0.3483807382156467,42.33688308721328,,2.59, -0.14
139,0.8787941121521582,0.5137727106040398,19.01217390781942,,2.47, -0.09
140,0.8787941121521582,0.7576836753759633,8.090697016418552,,1.95, -0.07
141,0.8787941121521582,1.1173901222902258,3.1871528089363266,,1.19, -0.05
142,0.8787941121521582,1.647865363830397,0.6710865914734262,,0.759, -0.027
143,0.8787941121521582,2.430181011217661,0.0006679703001798133,,0.1710, -0.0023
144,0.8787941121521582,3.58389700816039,1.3110524826886194e-05,,0.001326, -0.000018
145,0.8787941121521582,5.285333769711768,9.885059237021015e-09,,4.49e-07, -0.12e-07
146,0.8787941121521582,7.7945189255297604,9.390625282341565e-13,,5.72e-10, -0.05e-10
147,0.8787941121521582,11.494926891581102,1.1140941499737715e-15,,6.67e-13, -0.05e-13
148,0.8787941121521582,16.952084600117107,1.3088570066663096e-19,,1.94e-17, -0.35e-17
149,0.8787941121521582,25.0,2.0096185142966573e-26,,1.2e-21, -0.6e-21
150,0.9541165392287859,0.00032,95.5117377262917,,-1.525e-05, -0.030e-05
151,0.9541165392287859,0.0004719183621785804,138.87471409437416,,-4.60e-05, -0.12e-05
152,0.9541165392287859,0.0006959591892541056,201.79860692012022,,-0.0001404, -0.0000034
153,0.9541165392287859,0.0010263622522997833,292.8472223447507,,-0.000440, -0.000010
154,0.9541165392287859,0.0015136224784601019,423.7990388324887,,-0.00143, -0.00004
155,0.9541165392287859,0.0022322070030986714,609.7537323598152,,-0.00454, -0.00010
156,0.9541165392287859,0.0032919358529558827,866.7827342519258,,-0.01390, -0.00031
157,0.9541165392287859,0.004854765550387154,1202.3815364896536,,-0.0371, -0.0009
158,0.9541165392287859,0.007159540647811568,1590.9134153247226,,-0.1153, -0.0028
159,0.9541165392287859,0.0105584959264569,1936.8276838653367,,-0.283, -0.008
160,0.9541165392287859,0.015571087827133602,2079.841735240738,,-0.625, -0.017
161,0.9541165392287859,0.022963382077249142,1918.3988633617023,,-1.035, -0.034
162,0.9541165392287859,0.03386513018742619,1530.6091053159473,,-1.34, -0.06
163,0.9541165392287859,0.04994242741567057,1087.8041754469677,,-1.26, -0.09
164,0.9541165392287859,0.0736523392163309,707.2439696508767,,-0.64, -0.13
165,0.9541165392287859,0.1086184102924754,425.82669767097417,,0.90, -0.17
166,0.9541165392287859,0.16018444464895643,237.65938795942913,,2.30, -0.17
167,0.9541165392287859,0.23623118989131572,122.73988104375226,,4.13, -0.28
168,0.9541165392287859,0.3483807382156467,58.82690829548523,,4.78, -0.20
169,0.9541165392287859,0.5137727106040398,26.417329983155096,,4.71, -0.16
170,0.9541165392287859,0.7576836753759633,11.241987050672554,,3.60, -0.14
171,0.9541165392287859,1.1173901222902258,4.428534468165875,,2.56, -0.11
172,0.9541165392287859,1.647865363830397,0.932471797063458,,1.65, -0.05
173,0.9541165392287859,2.430181011217661,0.0009281417841164055,,0.3431, -0.0024
174,0.9541165392287859,3.58389700816039,1.8217055095526132e-05,,0.00274, -0.00007
175,0.9541165392287859,5.285333769711768,1.3736238323859045e-08,,9.09e-07, -0.26e-07
176,0.9541165392287859,7.7945189255297604,1.3079296398046288e-12,,1.148e-09, -0.008e-09
177,0.9541165392287859,11.494926891581102,1.6620662393339607e-15,,1.389e-12, -0.013e-12
178,0.9541165392287859,16.952084600117107,3.2314991863369024e-19,,2.06e-17, -0.20e-17
179,0.9541165392287859,25.0,5.815889398661102e-26,,6.69e-22, -0.20e-22
180,1.0358949358462421,0.00032,132.7131292304311,,-3.02e-05, -0.12e-05
181,1.0358949358462421,0.0004719183621785804,192.96578951649047,,-9.06e-05, -0.22e-05
182,1.0358949358462421,0.0006959591892541056,280.3982550862828,,-0.000274, -0.000007
183,1.0358949358462421,0.0010263622522997833,406.90989598771944,,-0.000927, -0.000019
184,1.0358949358462421,0.0015136224784601019,588.8668549774093,,-0.00286, -0.00006
185,1.0358949358462421,0.0022322070030986714,847.250063791167,,-0.00884, -0.00021
186,1.0358949358462421,0.0032919358529558827,1204.3907038434793,,-0.0267, -0.0007
187,1.0358949358462421,0.004854765550387154,1670.7037274698234,,-0.0810, -0.0020
188,1.0358949358462421,0.007159540647811568,2210.5670225314816,,-0.229, -0.005
189,1.0358949358462421,0.0105584959264569,2691.213340108044,,-0.562, -0.018
190,1.0358949358462421,0.015571087827133602,2889.930720126213,,-1.22, -0.04
191,1.0358949358462421,0.022963382077249142,2665.606577051633,,-2.05, -0.07
192,1.0358949358462421,0.03386513018742619,2126.7744554830074,,-2.71, -0.12
193,1.0358949358462421,0.04994242741567057,1511.4990005438472,,-2.21, -0.16
194,1.0358949358462421,0.0736523392163309,982.7123092524649,,-1.23, -0.21
195,1.0358949358462421,0.1086184102924754,591.6842777976107,,1.43, -0.34
196,1.0358949358462421,0.16018444464895643,330.22664876510413,,6.00, -0.34
197,1.0358949358462421,0.23623118989131572,170.5465116901886,,8.16, -0.35
198,1.0358949358462421,0.3483807382156467,81.73972402447859,,9.1, -0.4
199,1.0358949358462421,0.5137727106040398,36.70676098496381,,7.8, -0.4
200,1.0358949358462421,0.7576836753759633,15.620690354730618,,6.89, -0.26
201,1.0358949358462421,1.1173901222902258,6.153428690451892,,4.29, -0.21
202,1.0358949358462421,1.647865363830397,1.295665362450994,,3.15, -0.10
203,1.0358949358462421,2.430181011217661,0.0012896488863275283,,0.659, -0.005
204,1.0358949358462421,3.58389700816039,2.5312554287673378e-05,,0.00481, -0.00012
205,1.0358949358462421,5.285333769711768,1.9087394396563704e-08,,1.670e-06, -0.034e-06
206,1.0358949358462421,7.7945189255297604,1.8203526950293715e-12,,2.247e-09, -0.022e-09
207,1.0358949358462421,11.494926891581102,2.429326541667617e-15,,2.966e-12, -0.027e-12
208,1.0358949358462421,16.952084600117107,7.573110913706064e-19,,4.9e-17, -0.6e-17
209,1.0358949358462421,25.0,1.6783712161387786e-25,,2.393e-21, -0.023e-21
210,1.1246826503806981,0.00032,184.404295109844,,-5.40e-05, -0.25e-05
211,1.1246826503806981,0.0004719183621785804,268.12509510131883,,-0.000179, -0.000004
212,1.1246826503806981,0.0006959591892541056,389.6121120724798,,-0.000578, -0.000012
213,1.1246826503806981,0.0010263622522997833,565.3994670907783,,-0.00172, -0.00004
214,1.1246826503806981,0.0015136224784601019,818.2278417767902,,-0.00538, -0.00013
215,1.1246826503806981,0.0022322070030986714,1177.2501462451803,,-0.0170, -0.0004
216,1.1246826503806981,0.0032919358529558827,1673.4954564554068,,-0.0546, -0.0015
217,1.1246826503806981,0.004854765550387154,2321.435301751727,,-0.1518, -0.0035
218,1.1246826503806981,0.007159540647811568,3071.5729178173365,,-0.440, -0.011
219,1.1246826503806981,0.0105584959264569,3739.4288104770108,,-1.064, -0.032
220,1.1246826503806981,0.015571087827133602,4015.5457146658914,,-2.40, -0.07
221,1.1246826503806981,0.022963382077249142,3703.848328584647,,-4.12, -0.14
222,1.1246826503806981,0.03386513018742619,2955.1435234415226,,-5.37, -0.26
223,1.1246826503806981,0.04994242741567057,2100.221051005177,,-3.90, -0.35
224,1.1246826503806981,0.0736523392163309,1365.4743259713218,,-2.0, -0.5
225,1.1246826503806981,0.1086184102924754,822.1426380912042,,3.5, -0.7
226,1.1246826503806981,0.16018444464895643,458.848440581053,,10.8, -0.7
227,1.1246826503806981,0.23623118989131572,236.97360957457275,,17.8, -0.7
228,1.1246826503806981,0.3483807382156467,113.57697824331682,,17.9, -0.9
229,1.1246826503806981,0.5137727106040398,51.00387900164028,,17.8, -0.8
230,1.1246826503806981,0.7576836753759633,21.704878866915273,,14.5, -0.6
231,1.1246826503806981,1.1173901222902258,8.55016144057813,,10.2, -0.5
232,1.1246826503806981,1.647865363830397,1.8003211850697283,,6.5, -0.4
233,1.1246826503806981,2.430181011217661,0.0017919613736506591,,1.344, -0.013
234,1.1246826503806981,3.58389700816039,3.517171690222287e-05,,0.01021, -0.00016
235,1.1246826503806981,5.285333769711768,2.6522763311327617e-08,,3.45e-06, -0.10e-06
236,1.1246826503806981,7.7945189255297604,2.532247749650371e-12,,4.55e-09, -0.05e-09
237,1.1246826503806981,11.494926891581102,3.4982933464907547e-15,,5.80e-12, -0.04e-12
238,1.1246826503806981,16.952084600117107,1.670416744080986e-18,,1.37e-16, -0.24e-16
239,1.1246826503806981,25.0,4.823864593966057e-25,,9.83e-21, -0.09e-21
240,1.2210804593170657,0.00032,256.2289371981826,,-0.000112, -0.000004
241,1.2210804593170657,0.0004719183621785804,372.55861157165145,,-0.000348, -0.000008
242,1.2210804593170657,0.0006959591892541056,541.3642742779125,,-0.001078, -0.000027
243,1.2210804593170657,0.0010263622522997833,785.6200120436094,,-0.00334, -0.00008
244,1.2210804593170657,0.0015136224784601019,1136.9238995195062,,-0.01074, -0.00030
245,1.2210804593170657,0.0022322070030986714,1635.783773957795,,-0.0331, -0.0008
246,1.2210804593170657,0.0032919358529558827,2325.314396598704,,-0.1053, -0.0026
247,1.2210804593170657,0.004854765550387154,3225.623892262769,,-0.310, -0.008
248,1.2210804593170657,0.007159540647811568,4267.93672994574,,-0.849, -0.020
249,1.2210804593170657,0.0105584959264569,5195.9194836869065,,-2.09, -0.06
250,1.2210804593170657,0.015571087827133602,5579.582677977615,,-4.73, -0.13
251,1.2210804593170657,0.022963382077249142,5146.480564409842,,-7.82, -0.25
252,1.2210804593170657,0.03386513018742619,4106.158611047953,,-11.1, -0.5
253,1.2210804593170657,0.04994242741567057,2918.2476875593084,,-10.1, -0.7
254,1.2210804593170657,0.0736523392163309,1897.320423619348,,-2.2, -1.0
255,1.2210804593170657,0.1086184102924754,1142.363491359773,,5.0, -1.4
256,1.2210804593170657,0.16018444464895643,637.5678407875133,,19.2, -1.6
257,1.2210804593170657,0.23623118989131572,329.2737627892078,,30.8, -1.3
258,1.2210804593170657,0.3483807382156467,157.81469953360468,,36.4, -1.7
259,1.2210804593170657,0.5137727106040398,70.86966006833313,,34.5, -1.3
260,1.2210804593170657,0.7576836753759633,30.158831391511868,,24.8, -1.1
261,1.2210804593170657,1.1173901222902258,11.880410798085052,,17.4, -1.6
262,1.2210804593170657,1.647865363830397,2.50153817673799,,14.1, -0.4
263,1.2210804593170657,2.430181011217661,0.0024899223092663962,,2.507, -0.028
264,1.2210804593170657,3.58389700816039,4.8870977452308876e-05,,0.01954, -0.00032
265,1.2210804593170657,5.285333769711768,3.685413810431777e-08,,6.71e-06, -0.25e-06
266,1.2210804593170657,7.7945189255297604,3.521310849822328e-12,,8.83e-09, -0.07e-09
267,1.2210804593170657,11.494926891581102,4.984164122564515e-15,,1.180e-11, -0.010e-11
268,1.2210804593170657,16.952084600117107,3.447937353652362e-18,,3.8e-16, -0.6e-16
269,1.2210804593170657,25.0,1.3784212364519757e-24,,3.78e-20, -0.04e-20
270,1.325740632365289,0.00032,356.0289537648924,,-0.000211, -0.000010
271,1.325740632365289,0.0004719183621785804,517.6685121687216,,-0.000681, -0.000015
272,1.325740632365289,0.0006959591892541056,752.2232199237428,,-0.00209, -0.00005
273,1.325740632365289,0.0010263622522997833,1091.6154670239653,,-0.00689, -0.00016
274,1.325740632365289,0.0015136224784601019,1579.7506358274916,,-0.0209, -0.0004
275,1.325740632365289,0.0022322070030986714,2272.914183683043,,-0.0691, -0.0017
276,1.325740632365289,0.0032919358529558827,3231.013877074891,,-0.197, -0.005
277,1.325740632365289,0.004854765550387154,4481.98986484146,,-0.568, -0.015
278,1.325740632365289,0.007159540647811568,5930.278856529228,,-1.62, -0.04
279,1.325740632365289,0.0105584959264569,7219.706711708555,,-4.19, -0.11
280,1.325740632365289,0.015571087827133602,7752.804991532302,,-9.17, -0.25
281,1.325740632365289,0.022963382077249142,7151.011556126397,,-15.0, -0.6
282,1.325740632365289,0.03386513018742619,5705.488889232592,,-19.2, -1.0
283,1.325740632365289,0.04994242741567057,4054.8920133284864,,-19.0, -1.6
284,1.325740632365289,0.0736523392163309,2636.318180001217,,-4.2, -1.6
285,1.325740632365289,0.1086184102924754,1587.308924180771,,15.6, -2.9
286,1.325740632365289,0.16018444464895643,885.8976421314597,,36.4, -2.7
287,1.325740632365289,0.23623118989131572,457.5244098108935,,55.1, -2.4
288,1.325740632365289,0.3483807382156467,219.2828139477942,,58.2, -3.2
289,1.325740632365289,0.5137727106040398,98.47307335270602,,67.4, -2.5
290,1.325740632365289,0.7576836753759633,41.9055603340825,,57, -4
291,1.325740632365289,1.1173901222902258,16.507777275470335,,39.2, -1.6
292,1.325740632365289,1.647865363830397,3.47587602717209,,26.4, -0.8
293,1.325740632365289,2.430181011217661,0.00345973588235794,,4.97, -0.06
294,1.325740632365289,3.58389700816039,6.79060368414239e-05,,0.0378, -0.0006
295,1.325740632365289,5.285333769711768,5.120950148680535e-08,,1.322e-05, -0.030e-05
296,1.325740632365289,7.7945189255297604,4.895500869415158e-12,,1.758e-08, -0.014e-08
297,1.325740632365289,11.494926891581102,7.047642613494493e-15,,2.346e-11, -0.019e-11
298,1.325740632365289,16.952084600117107,6.648753743465531e-18,,9.3e-16, -1.6e-16
299,1.325740632365289,25.0,3.9065302794727115e-24,,1.492e-19, -0.016e-19
300,1.4393713460023039,0.00032,494.7006271227,,-0.000433, -0.000016
301,1.4393713460023039,0.0004719183621785804,719.2980652372842,,-0.001326, -0.000029
302,1.4393713460023039,0.0006959591892541056,1045.2107748468943,,-0.00426, -0.00010
303,1.4393713460023039,0.0010263622522997833,1516.794773017828,,-0.0124, -0.0004
304,1.4393713460023039,0.0015136224784601019,2195.0563907153987,,-0.0400, -0.0010
305,1.4393713460023039,0.0022322070030986714,3158.204017324386,,-0.1250, -0.0031
306,1.4393713460023039,0.0032919358529558827,4489.4792244526425,,-0.380, -0.009
307,1.4393713460023039,0.004854765550387154,6227.704723023276,,-1.200, -0.029
308,1.4393713460023039,0.007159540647811568,8240.095751523642,,-3.20, -0.09
309,1.4393713460023039,0.0105584959264569,10031.749946614536,,-8.12, -0.21
310,1.4393713460023039,0.015571087827133602,10772.487604487702,,-17.5, -0.6
311,1.4393713460023039,0.022963382077249142,9936.298337447866,,-31.2, -0.9
312,1.4393713460023039,0.03386513018742619,7927.751104784682,,-39.6, -2.1
313,1.4393713460023039,0.04994242741567057,5634.254182689551,,-33.4, -2.5
314,1.4393713460023039,0.0736523392163309,3663.1522328456804,,-11, -4
315,1.4393713460023039,0.1086184102924754,2205.5585983274536,,33, -5
316,1.4393713460023039,0.16018444464895643,1230.9507822174494,,87, -6
317,1.4393713460023039,0.23623118989131572,635.7281059979654,,121, -5
318,1.4393713460023039,0.3483807382156467,304.6924819739232,,125, -6
319,1.4393713460023039,0.5137727106040398,136.8278917406617,,115, -10
320,1.4393713460023039,0.7576836753759633,58.22758727340624,,100, -4
321,1.4393713460023039,1.1173901222902258,22.937482146601248,,58.2, -3.3
322,1.4393713460023039,1.647865363830397,4.829714080283335,,50.6, -1.7
323,1.4393713460023039,2.430181011217661,0.004807287470443992,,9.82, -0.09
324,1.4393713460023039,3.58389700816039,9.43551647335029e-05,,0.0708, -0.0015
325,1.4393713460023039,5.285333769711768,7.115618029897741e-08,,2.60e-05, -0.09e-05
326,1.4393713460023039,7.7945189255297604,6.804826498196609e-12,,3.403e-08, -0.027e-08
327,1.4393713460023039,11.494926891581102,9.912551579688774e-15,,4.65e-11, -0.04e-11
328,1.4393713460023039,16.952084600117107,1.2010830806594534e-17,,2.2e-15, -0.5e-15
329,1.4393713460023039,25.0,1.0943712298934813e-23,,2.0e-17, -0.4e-17
330,1.5627414753036188,0.00032,687.3842924505577,,-0.000805, -0.000018
331,1.5627414753036188,0.0004719183621785804,999.4614207585223,,-0.00252, -0.00007
332,1.5627414753036188,0.0006959591892541056,1452.3156623200166,,-0.00814, -0.00018
333,1.5627414753036188,0.0010263622522997833,2107.5795029969995,,-0.0247, -0.0006
334,1.5627414753036188,0.0015136224784601019,3050.02096479401,,-0.0804, -0.0022
335,1.5627414753036188,0.0022322070030986714,4388.3102523833795,,-0.245, -0.006
336,1.5627414753036188,0.0032919358529558827,6238.111154458759,,-0.772, -0.018
337,1.5627414753036188,0.004854765550387154,8653.367652927156,,-2.22, -0.06
338,1.5627414753036188,0.007159540647811568,11449.575919945342,,-6.38, -0.16
339,1.5627414753036188,0.0105584959264569,13939.071351498873,,-15.8, -0.4
340,1.5627414753036188,0.015571087827133602,14968.322989626147,,-35.2, -0.9
341,1.5627414753036188,0.022963382077249142,13806.441770631118,,-58.8, -1.9
342,1.5627414753036188,0.03386513018742619,11015.574440609988,,-71, -4
343,1.5627414753036188,0.04994242741567057,7828.770801000142,,-58, -5
344,1.5627414753036188,0.0736523392163309,5089.933522741975,,-30, -8
345,1.5627414753036188,0.1086184102924754,3064.6137349519313,,77, -11
346,1.5627414753036188,0.16018444464895643,1710.4005656862364,,146, -10
347,1.5627414753036188,0.23623118989131572,883.3413389305418,,223, -10
348,1.5627414753036188,0.3483807382156467,423.368830872135,,255, -10
349,1.5627414753036188,0.5137727106040398,190.12173907822608,,232, -11
350,1.5627414753036188,0.7576836753759633,80.90697016463292,,209, -9
351,1.5627414753036188,1.1173901222902258,31.87152809517783,,144, -6
352,1.5627414753036188,1.647865363830397,6.7108659551307595,,94.6, -3.3
353,1.5627414753036188,2.430181011217661,0.006679704328503233,,19.03, -0.14
354,1.5627414753036188,3.58389700816039,0.0001311061074603732,,0.1422, -0.0019
355,1.5627414753036188,5.285333769711768,9.88719680693686e-08,,5.02e-05, -0.16e-05
356,1.5627414753036188,7.7945189255297604,9.457724292767503e-12,,6.58e-08, -0.05e-08
357,1.5627414753036188,11.494926891581102,1.3890292791213698e-14,,9.07e-11, -0.08e-11
358,1.5627414753036188,16.952084600117107,2.0460117979856888e-17,,5.9e-15, -0.9e-15
359,1.5627414753036188,25.0,3.0167107803951704e-23,,8.6e-17, -0.8e-17
360,1.696685796488144,0.00032,955.1173772629169,,-0.00158, -0.00004
361,1.696685796488144,0.0004719183621785804,1388.7471409437412,,-0.00507, -0.00013
362,1.696685796488144,0.0006959591892541056,2017.9860692012019,,-0.01574, -0.00035
363,1.696685796488144,0.0010263622522997833,2928.4722234475066,,-0.0484, -0.0013
364,1.696685796488144,0.0015136224784601019,4237.990388324886,,-0.149, -0.004
365,1.696685796488144,0.0022322070030986714,6097.5373235981515,,-0.493, -0.011
366,1.696685796488144,0.0032919358529558827,8667.827342519256,,-1.47, -0.04
367,1.696685796488144,0.004854765550387154,12023.815364896534,,-4.29, -0.10
368,1.696685796488144,0.007159540647811568,15909.134153247223,,-12.13, -0.31
369,1.696685796488144,0.0105584959264569,19368.27683865336,,-33.2, -0.9
370,1.696685796488144,0.015571087827133602,20798.41735240738,,-70.0, -2.0
371,1.696685796488144,0.022963382077249142,19183.98863361702,,-113, -4
372,1.696685796488144,0.03386513018742619,15306.09105315947,,-150, -6
373,1.696685796488144,0.04994242741567057,10878.041754469676,,-140, -10
374,1.696685796488144,0.0736523392163309,7072.439696508765,,-51, -14
375,1.696685796488144,0.1086184102924754,4258.266976709741,,149, -22
376,1.696685796488144,0.16018444464895643,2376.5938795942907,,351, -20
377,1.696685796488144,0.23623118989131572,1227.3988104375223,,470, -20
378,1.696685796488144,0.3483807382156467,588.2690829548544,,464, -23
379,1.696685796488144,0.5137727106040398,264.1732998315815,,480, -22
380,1.696685796488144,0.7576836753759633,112.41987050715485,,411, -16
381,1.696685796488144,1.1173901222902258,44.285344687239046,,253, -13
382,1.696685796488144,1.647865363830397,9.324718009403755,,192, -6
383,1.696685796488144,2.430181011217661,0.009281419114424583,,36.6, -0.4
384,1.696685796488144,3.58389700816039,0.00018217137553679005,,0.284, -0.004
385,1.696685796488144,5.285333769711768,1.373828990406416e-07,,9.60e-05, -0.32e-05
386,1.696685796488144,7.7945189255297604,1.3143815960976002e-11,,1.289e-07, -0.013e-07
387,1.696685796488144,11.494926891581102,1.94138485806642e-14,,1.797e-10, -0.014e-10
388,1.696685796488144,16.952084600117107,3.315922527969482e-17,,5.7e-15, -2.0e-15
389,1.696685796488144,25.0,8.134280166723671e-23,,5.4e-17, -0.7e-17
390,1.8421106353789634,0.00032,1327.1312923043113,,-0.00302, -0.00007
391,1.8421106353789634,0.0004719183621785804,1929.6578951649053,,-0.00981, -0.00022
392,1.8421106353789634,0.0006959591892541056,2803.982550862829,,-0.0306, -0.0007
393,1.8421106353789634,0.0010263622522997833,4069.0989598771953,,-0.0954, -0.0022
394,1.8421106353789634,0.0015136224784601019,5888.668549774094,,-0.309, -0.007
395,1.8421106353789634,0.0022322070030986714,8472.500637911673,,-0.915, -0.023
396,1.8421106353789634,0.0032919358529558827,12043.907038434794,,-2.90, -0.07
397,1.8421106353789634,0.004854765550387154,16707.03727469824,,-8.61, -0.20
398,1.8421106353789634,0.007159540647811568,22105.67022531482,,-23.3, -0.6
399,1.8421106353789634,0.0105584959264569,26912.133401080446,,-58.5, -1.5
400,1.8421106353789634,0.015571087827133602,28899.307201262138,,-131, -4
401,1.8421106353789634,0.022963382077249142,26656.065770516336,,-226, -8
402,1.8421106353789634,0.03386513018742619,21267.74455483008,,-300, -12
403,1.8421106353789634,0.04994242741567057,15114.990005438474,,-241, -18
404,1.8421106353789634,0.0736523392163309,9827.123092524651,,-46, -26
405,1.8421106353789634,0.1086184102924754,5916.842777976108,,262, -34
406,1.8421106353789634,0.16018444464895643,3302.2664876510426,,6.0e+02, -0.6e+02
407,1.8421106353789634,0.23623118989131572,1705.4651169018864,,8.8e+02, -0.4e+02
408,1.8421106353789634,0.3483807382156467,817.3972402447881,,1.01e+03, -0.04e+03
409,1.8421106353789634,0.5137727106040398,367.0676098496675,,9.6e+02, -0.4e+02
410,1.8421106353789634,0.7576836753759633,156.2069035477182,,772, -30
411,1.8421106353789634,1.1173901222902258,61.53428690987447,,520, -23
412,1.8421106353789634,1.647865363830397,12.956653661717352,,386, -13
413,1.8421106353789634,2.430181011217661,0.01289649008524418,,73.1, -0.8
414,1.8421106353789634,3.58389700816039,0.00025312633424200804,,0.554, -0.012
415,1.8421106353789634,5.285333769711768,1.9089363410736967e-07,,0.000190, -0.000004
416,1.8421106353789634,7.7945189255297604,1.826552954379373e-11,,2.499e-07, -0.019e-07
417,1.8421106353789634,11.494926891581102,2.708504982913148e-14,,3.479e-10, -0.032e-10
418,1.8421106353789634,16.952084600117107,5.1620969114123624e-17,,1.6e-14, -0.4e-14
419,1.8421106353789634,25.0,2.129527982748166e-22,,3.38e-17, -0.05e-17
420,2.0,0.00032,1844.0429510984402,,-0.00598, -0.00018
421,2.0,0.0004719183621785804,2681.250951013188,,-0.0193, -0.0004
422,2.0,0.0006959591892541056,3896.121120724798,,-0.0596, -0.0013
423,2.0,0.0010263622522997833,5653.994670907784,,-0.184, -0.004
424,2.0,0.0015136224784601019,8182.278417767902,,-0.608, -0.013
425,2.0,0.0022322070030986714,11772.501462451803,,-1.82, -0.04
426,2.0,0.0032919358529558827,16734.954564554067,,-5.77, -0.13
427,2.0,0.004854765550387154,23214.353017517267,,-16.3, -0.4
428,2.0,0.007159540647811568,30715.729178173366,,-47.0, -1.1
429,2.0,0.0105584959264569,37394.28810477011,,-120.3, -2.9
430,2.0,0.015571087827133602,40155.45714665891,,-260, -7
431,2.0,0.022963382077249142,37038.483285846465,,-431, -13
432,2.0,0.03386513018742619,29551.435234415225,,-525, -23
433,2.0,0.04994242741567057,21002.21051005177,,-439, -35
434,2.0,0.0736523392163309,13654.743259713217,,-1.4e+02, -0.4e+02
435,2.0,0.1086184102924754,8221.426380912042,,4.7e+02, -1.0e+02
436,2.0,0.16018444464895643,4588.48440581053,,1.18e+03, -0.07e+03
437,2.0,0.23623118989131572,2369.7360957457277,,1.84e+03, -0.07e+03
438,2.0,0.3483807382156467,1135.7697824331703,,2.21e+03, -0.08e+03
439,2.0,0.5137727106040398,510.0387900164309,,1.89e+03, -0.07e+03
440,2.0,0.7576836753759633,217.04878866954814,,1.59e+03, -0.05e+03
441,2.0,1.1173901222902258,85.50161441092109,,1.05e+03, -0.04e+03
442,2.0,1.647865363830397,18.00321188640584,,716, -18
443,2.0,2.430181011217661,0.017919614909250047,,138.9, -0.9
444,2.0,3.58389700816039,0.00035171792850899753,,1.094, -0.013
445,2.0,5.285333769711768,2.652465305881466e-07,,0.000370, -0.000007
446,2.0,7.7945189255297604,2.5382036930158983e-11,,4.845e-07, -0.030e-07
447,2.0,11.494926891581102,3.7740277015042624e-14,,6.67e-10, -0.05e-10
448,2.0,16.952084600117107,7.789236111600907e-17,,3.3e-14, -0.8e-14
449,2.0,25.0,5.365368328094631e-22,,1.159e-16, -0.010e-16
